0.0 0.75 1.0
-1.0 1.5 -2.0
 1.0 1.5 -2.0
-1.0 0.0 -2.0
 1.0 0.0 -2.0
rotate 30 1.0 0.0 0.0
translate 0.0 -6.0 7.0

13

1.0 0.9 0.8
1.0 0.5 0.0 0.0
translate 3.0 6.0 -5.0
sphere.obj

0.0 0.0 1.0
0.1 0.7 0.1 0.7
translate 0.0 -3.0 0.0
rotate 30 1.0 0.0 0.0
floor.obj

0.1 0.1 0.1 0.1 0.0 1.0 0.5 translate 1.5 -1.5 2.0 scale 3.0 3.0 3.0
rotate 45 0.0 -1.0 0.0 rotate 15 1.0 0.0 0.0 rotate 90 0.0 1.0 0.0 bird.obj

1.0 1.0 1.0 0.01 0.2 0.2 0.0
rotate 45 0.0 1.0 0.0 rotate 15 -1.0 0.0 0.0 rotate 90 0.0 1.0 0.0 bird.obj
1.0 1.0 1.0 0.02 0.2 0.2 0.0 translate  0.5 -0.1 0.5 scale 1.3 1.2 1.1
rotate 45 0.0 1.0 0.0 rotate 15 -1.0 0.0 0.0 rotate 90 0.0 1.0 0.01 bird.obj
1.0 1.0 1.0 0.03 0.2 0.2 0.0 translate -0.3 -0.3 0.2 scale 0.8 0.8 0.8
rotate 45 0.0 1.0 0.0 rotate 15 -1.0 0.0 0.0 rotate 90 0.0 1.01 0.0 bird.obj
1.0 1.0 1.0 0.04 0.2 0.2 0.0 translate -0.7 -0.7 0.5 scale 0.5 0.5 0.4
rotate 45 0.0 1.0 0.0 rotate 15 -1.0 0.0 0.0 rotate 90 0.01 1.0 0.0 bird.obj
1.0 1.0 1.0 0.05 0.2 0.2 0.0 translate -0.4 -0.2 -1.0 scale 0.7 0.8 0.9
rotate 45 0.0 1.0 0.0 rotate 15 -1.0 0.0 0.0 rotate 90 0.01 1.01 0.0 bird.obj

1.0 1.0 1.0 0.01 0.2 0.2 0.0 translate -0.6 -0.4 -0.5
rotate 45 0.0 1.0 0.0 rotate 15 -1.0 0.0 0.0 rotate 90 0.0 1.0 0.0 bird.obj
1.0 1.0 1.0 0.01 0.2 0.2 0.0 translate -0.5 -0.5  0.0 scale 1.1 1.1 1.1
rotate 45 0.0 1.0 0.0 rotate 15 -1.0 0.0 0.0 rotate 90 0.0 1.0 0.0 bird.obj
1.0 1.0 1.0 0.01 0.2 0.2 0.0 translate -1.0 -0.4 -1.0 scale 0.7 0.7 0.6
rotate 45 0.0 1.0 0.0 rotate 15 -1.0 0.0 0.0 rotate 90 0.0 1.0 0.0 bird.obj
1.0 1.0 1.0 0.01 0.2 0.2 0.0 translate -1.5 -0.2 -1.5 scale 0.9 0.9 0.8
rotate 45 0.0 1.0 0.0 rotate 15 -1.0 0.0 0.0 rotate 90 0.0 1.0 0.0 bird.obj
1.0 1.0 1.0 0.01 0.2 0.2 0.0 translate  0.1 -1.0 -1.5
rotate 45 0.0 1.0 0.0 rotate 15 -1.0 0.0 0.0 rotate 90 0.0 1.0 0.0 bird.obj


4

1.0 1.0 1.0
1.0 1.0 1.0
0.1 0.1 0.1
pos 3.0 3.0 -5.0

0.2 0.2 0.2
0.8 0.8 0.8
0.0 0.0 0.0
dir -3.0 1.0 -1.0

0.0 0.0 0.0
0.0 0.0 0.0
0.6 0.6 1.0
dir -1.0 -3.0 -1.0

0.0 0.0 0.0
0.5 0.5 1.0
0.0 0.0 0.0
pos 0.0 -2.0 0.0